0	file:/media/sf_vm-shared/project4/./data/nsf/the-astrophysics-of-spinning-black-holes.txt	0.0047169811320754715	0.5707547169811321	0.0047169811320754715	0.02358490566037736	0.0047169811320754715	0.02358490566037736	0.19339622641509435	0.0047169811320754715	0.02358490566037736	0.14622641509433962
1	file:/media/sf_vm-shared/project4/./data/nsf/workshop-support-for-hosting-5th-cirp-international-workshop-on-modeling-of.txt	0.5943396226415094	0.09119496855345911	0.0031446540880503146	0.0031446540880503146	0.0031446540880503146	0.1540880503144654	0.009433962264150943	0.040880503144654086	0.07232704402515723	0.02830188679245283
2	file:/media/sf_vm-shared/project4/./data/nsf/west-virginia-blueprint-for-science-and-technology-strengthening-statewide.txt	0.5331632653061225	0.03316326530612245	0.002551020408163265	0.017857142857142856	0.017857142857142856	0.08418367346938775	0.03826530612244898	0.017857142857142856	0.14540816326530612	0.1096938775510204
3	file:/media/sf_vm-shared/project4/./data/nsf/integrated-sensing-porous-silicon-integrated-sensor-arrays.txt	0.003875968992248062	0.22868217054263565	0.003875968992248062	0.44573643410852715	0.003875968992248062	0.027131782945736434	0.011627906976744186	0.03488372093023256	0.2054263565891473	0.03488372093023256
4	file:/media/sf_vm-shared/project4/./data/nsf/us-italy-planning-visit-ecological-bioenergetic-and-life-history.txt	0.14705882352941177	0.01764705882352941	0.18235294117647058	0.0058823529411764705	0.0058823529411764705	0.2529411764705882	0.01764705882352941	0.1	0.0058823529411764705	0.2647058823529412
5	file:/media/sf_vm-shared/project4/./data/nsf/quantum-information-theory.txt	0.042134831460674156	0.025280898876404494	0.0028089887640449437	0.042134831460674156	0.03651685393258427	0.008426966292134831	0.4297752808988764	0.0028089887640449437	0.32303370786516855	0.08707865168539326
6	file:/media/sf_vm-shared/project4/./data/nsf/mapping-microlensing-and-stellar-variability-in-m31.txt	0.025735294117647058	0.4522058823529412	0.003676470588235294	0.003676470588235294	0.04779411764705882	0.08455882352941177	0.13602941176470587	0.011029411764705883	0.003676470588235294	0.23161764705882354
7	file:/media/sf_vm-shared/project4/./data/nsf/csedi-theoretical-and-experimental-studies-of-some-materials-fundamental-to-the.txt	0.004761904761904762	0.3476190476190476	0.1	0.1380952380952381	0.023809523809523808	0.004761904761904762	0.1	0.014285714285714285	0.19523809523809524	0.07142857142857142
8	file:/media/sf_vm-shared/project4/./data/nsf/studies-of-crust-and-upper-mantle-structure-mantle-flow-and-geodynamics-of-the.txt	0.009881422924901186	0.12055335968379446	0.7015810276679841	0.001976284584980237	0.001976284584980237	0.029644268774703556	0.041501976284584984	0.005928853754940711	0.029644268774703556	0.05731225296442688
9	file:/media/sf_vm-shared/project4/./data/nsf/us-japan-workshops-industrial-ecology-and-environmentally-benign.txt	0.4620253164556962	0.03164556962025317	0.006329113924050633	0.006329113924050633	0.0949367088607595	0.1962025316455696	0.006329113924050633	0.006329113924050633	0.08227848101265822	0.10759493670886076
10	file:/media/sf_vm-shared/project4/./data/nsf/nsf-epscor-workshop-successful-management-strategies.txt	0.53	0.01	0.01	0.01	0.31	0.01	0.01	0.01	0.09	0.01
11	file:/media/sf_vm-shared/project4/./data/nsf/analysis-of-galectins-as-splicing-factors.txt	0.045816733067729085	0.0099601593625498	0.00199203187250996	0.00199203187250996	0.0099601593625498	0.025896414342629483	0.04183266932270916	0.7270916334661355	0.07370517928286853	0.061752988047808766
12	file:/media/sf_vm-shared/project4/./data/nsf/the-origins-of-ranked-society-in-the-northern-titicaca-basin.txt	0.027985074626865673	0.013059701492537313	0.07649253731343283	0.005597014925373134	0.21828358208955223	0.12126865671641791	0.013059701492537313	0.0018656716417910447	0.08022388059701492	0.44216417910447764
13	file:/media/sf_vm-shared/project4/./data/nsf/professional-development-materials-for-constructing-physics-understanding-among.txt	0.65	0.01	0.03	0.01	0.03	0.05	0.01	0.01	0.13	0.07
14	file:/media/sf_vm-shared/project4/./data/nsf/integrated-simulation-and-modeling-using-participatory-simulations-to.txt	0.2037037037037037	0.08024691358024691	0.006172839506172839	0.030864197530864196	0.030864197530864196	0.030864197530864196	0.12962962962962962	0.006172839506172839	0.42592592592592593	0.05555555555555555
15	file:/media/sf_vm-shared/project4/./data/nsf/neuropeptide-control-of-ecdysone-biosynthesis.txt	0.0015151515151515152	0.016666666666666666	0.004545454545454545	0.05303030303030303	0.0015151515151515152	0.03484848484848485	0.03787878787878788	0.6045454545454545	0.06212121212121212	0.18333333333333332
16	file:/media/sf_vm-shared/project4/./data/nsf/longitudinal-effects-of-technical-change-capital-accumulation-and-labor-market.txt	0.042483660130718956	0.016339869281045753	0.09477124183006536	0.0032679738562091504	0.5980392156862745	0.0032679738562091504	0.042483660130718956	0.0032679738562091504	0.00980392156862745	0.18627450980392157
17	file:/media/sf_vm-shared/project4/./data/nsf/the-role-of-starch-in-nectar-production.txt	0.009124087591240875	0.012773722627737226	0.03832116788321168	0.020072992700729927	0.0018248175182481751	0.0018248175182481751	0.012773722627737226	0.6478102189781022	0.05291970802919708	0.20255474452554745
18	file:/media/sf_vm-shared/project4/./data/nsf/space-weather-an-operational-sun-to-earth-model.txt	0.041176470588235294	0.19411764705882353	0.0058823529411764705	0.01764705882352941	0.0058823529411764705	0.2647058823529412	0.18235294117647058	0.0058823529411764705	0.27647058823529413	0.0058823529411764705
19	file:/media/sf_vm-shared/project4/./data/nsf/itr-an-adaptive-wavefront-construction-algorithm-for-optimal-seismic-ray.txt	0.028925619834710745	0.2024793388429752	0.08677685950413223	0.028925619834710745	0.004132231404958678	0.028925619834710745	0.21074380165289255	0.004132231404958678	0.3347107438016529	0.07024793388429752
20	file:/media/sf_vm-shared/project4/./data/nsf/a-real-time-sequence-detection-system-for-the-center-for-marine-genomic-studies.txt	0.017857142857142856	0.017857142857142856	0.07738095238095238	0.08928571428571429	0.041666666666666664	0.26785714285714285	0.005952380952380952	0.3392857142857143	0.1130952380952381	0.02976190476190476
21	file:/media/sf_vm-shared/project4/./data/nsf/us-japan-cooperative-science-study-of-quantum-hydrogen-fluids-and-solids.txt	0.12011173184357542	0.15363128491620112	0.002793296089385475	0.31564245810055863	0.036312849162011177	0.22625698324022347	0.10335195530726257	0.008379888268156424	0.013966480446927373	0.019553072625698324
22	file:/media/sf_vm-shared/project4/./data/nsf/acquisition-of-research-insrumentation-for-molecular-and-cellular-biology.txt	0.21837708830548927	0.029832935560859187	0.003579952267303103	0.003579952267303103	0.003579952267303103	0.11336515513126491	0.03937947494033413	0.4403341288782816	0.022673031026252982	0.12529832935560858
23	file:/media/sf_vm-shared/project4/./data/nsf/sttr-phase-i-low-power-vlsi-circuits-for-large-scale-neuronal-recording.txt	0.1124031007751938	0.003875968992248062	0.011627906976744186	0.003875968992248062	0.011627906976744186	0.01937984496124031	0.027131782945736434	0.08139534883720931	0.7170542635658915	0.011627906976744186
24	file:/media/sf_vm-shared/project4/./data/nsf/investigation-of-nitric-oxide-kinetics-in-diffusion-flames-with-laser-induced.txt	0.015625	0.315625	0.065625	0.384375	0.028125	0.003125	0.015625	0.015625	0.103125	0.053125
25	file:/media/sf_vm-shared/project4/./data/nsf/biocomplexity-incubation-activity-the-colloid-gap-interfacial-phenomena.txt	0.002403846153846154	0.06009615384615385	0.37259615384615385	0.16105769230769232	0.01201923076923077	0.01201923076923077	0.03125	0.15625	0.07451923076923077	0.11778846153846154
26	file:/media/sf_vm-shared/project4/./data/nsf/open-archives-distributed-services-for-physicists-and-graduate-students-oad.txt	0.33064516129032256	0.024193548387096774	0.008064516129032258	0.008064516129032258	0.12096774193548387	0.28225806451612906	0.008064516129032258	0.024193548387096774	0.18548387096774194	0.008064516129032258
27	file:/media/sf_vm-shared/project4/./data/nsf/visualization-rui-user-directed-segmentation-and-visualization-of-volumetric.txt	0.04794520547945205	0.01141552511415525	0.00684931506849315	0.01141552511415525	0.05251141552511415	0.09817351598173515	0.19406392694063926	0.00228310502283105	0.545662100456621	0.02968036529680365
28	file:/media/sf_vm-shared/project4/./data/nsf/traceability-based-dynamic-metrics-as-a-tool-for-evaluating-partitioning.txt	0.06696428571428571	0.04017857142857143	0.004464285714285714	0.013392857142857142	0.05803571428571429	0.03125	0.10267857142857142	0.022321428571428572	0.4330357142857143	0.22767857142857142
29	file:/media/sf_vm-shared/project4/./data/nsf/pervasive-information-community-organization-pico-a-framework-for-internet.txt	0.12176165803108809	0.0025906735751295338	0.0025906735751295338	0.0025906735751295338	0.12176165803108809	0.0025906735751295338	0.0025906735751295338	0.0025906735751295338	0.7383419689119171	0.0025906735751295338
30	file:/media/sf_vm-shared/project4/./data/nsf/peptidases-that-degrade-solid-spider-silk-fibers.txt	0.13448275862068965	0.02413793103448276	0.03103448275862069	0.2103448275862069	0.010344827586206896	0.03103448275862069	0.010344827586206896	0.3896551724137931	0.02413793103448276	0.13448275862068965
31	file:/media/sf_vm-shared/project4/./data/nsf/collaborative-research-seismic-characterization-of-a-gas-hydrate-system-in-the.txt	0.040229885057471264	0.28160919540229884	0.39655172413793105	0.005747126436781609	0.028735632183908046	0.005747126436781609	0.08620689655172414	0.017241379310344827	0.09770114942528736	0.040229885057471264
32	file:/media/sf_vm-shared/project4/./data/nsf/missing-sensor-data-restoration-computationally-intelligent-discovery-of.txt	0.0049504950495049506	0.034653465346534656	0.01485148514851485	0.01485148514851485	0.01485148514851485	0.24257425742574257	0.18316831683168316	0.08415841584158416	0.3613861386138614	0.04455445544554455
33	file:/media/sf_vm-shared/project4/./data/nsf/a-combined-mathematics-laboratory-and-classroom-environment.txt	0.5210526315789473	0.03684210526315789	0.005263157894736842	0.02631578947368421	0.005263157894736842	0.005263157894736842	0.06842105263157895	0.005263157894736842	0.3	0.02631578947368421
34	file:/media/sf_vm-shared/project4/./data/nsf/sger-on-line-fiber-preform-permeability-measurement-and-its-applications-to.txt	0.014563106796116505	0.11165048543689321	0.043689320388349516	0.41262135922330095	0.0048543689320388345	0.03398058252427184	0.05339805825242718	0.024271844660194174	0.23786407766990292	0.06310679611650485
35	file:/media/sf_vm-shared/project4/./data/nsf/purchase-of-500-mhz-nmr.txt	0.018518518518518517	0.09259259259259259	0.006172839506172839	0.6111111111111112	0.006172839506172839	0.17901234567901234	0.030864197530864196	0.043209876543209874	0.006172839506172839	0.006172839506172839
36	file:/media/sf_vm-shared/project4/./data/nsf/reductive-biotransformation-and-decolorization-of-reactive-anthraquinone-and.txt	0.07075471698113207	0.10849056603773585	0.02358490566037736	0.5424528301886793	0.06132075471698113	0.0047169811320754715	0.02358490566037736	0.1179245283018868	0.04245283018867924	0.0047169811320754715
37	file:/media/sf_vm-shared/project4/./data/nsf/studies-of-magnetohydrodynamic-turbulence-and-turbulence-in-the-corona-and.txt	0.004132231404958678	0.6735537190082644	0.012396694214876033	0.02066115702479339	0.012396694214876033	0.02066115702479339	0.11983471074380166	0.004132231404958678	0.09504132231404959	0.0371900826446281
38	file:/media/sf_vm-shared/project4/./data/nsf/arabidopsis-2010-investigating-coiled-coil-proteins-in-the-arabidopsis-orfeome.txt	0.050699300699300696	0.0017482517482517483	0.008741258741258742	0.012237762237762238	0.005244755244755245	0.033216783216783216	0.012237762237762238	0.6171328671328671	0.09615384615384616	0.16258741258741258
39	file:/media/sf_vm-shared/project4/./data/nsf/collaborative-research-comparative-and-quantitative-studies-of-protistan.txt	0.010416666666666666	0.003472222222222222	0.3923611111111111	0.003472222222222222	0.024305555555555556	0.017361111111111112	0.0798611111111111	0.16319444444444445	0.052083333333333336	0.2534722222222222
40	file:/media/sf_vm-shared/project4/./data/nsf/sbir-phase-i-a-simple-and-practical-solid-state-157-nm-coherent-light-source.txt	0.016853932584269662	0.11797752808988764	0.0056179775280898875	0.2752808988764045	0.0056179775280898875	0.0056179775280898875	0.08426966292134831	0.0056179775280898875	0.47752808988764045	0.0056179775280898875
41	file:/media/sf_vm-shared/project4/./data/nsf/shipboard-scientific-support-equipment.txt	0.0043859649122807015	0.0043859649122807015	0.0043859649122807015	0.013157894736842105	0.0043859649122807015	0.9342105263157895	0.0043859649122807015	0.0043859649122807015	0.021929824561403508	0.0043859649122807015
42	file:/media/sf_vm-shared/project4/./data/nsf/molecular-investigations-of-gnrh-in-lamprey-reproduction.txt	0.08018867924528301	0.0047169811320754715	0.0047169811320754715	0.0047169811320754715	0.014150943396226415	0.0330188679245283	0.014150943396226415	0.6367924528301887	0.08962264150943396	0.1179245283018868
43	file:/media/sf_vm-shared/project4/./data/nsf/computability-theory.txt	0.002976190476190476	0.01488095238095238	0.002976190476190476	0.002976190476190476	0.008928571428571428	0.008928571428571428	0.7946428571428571	0.002976190476190476	0.0744047619047619	0.08630952380952381
44	file:/media/sf_vm-shared/project4/./data/nsf/development-of-novel-3d-nano-lithography-fundamental-investigations-and.txt	0.10820895522388059	0.0708955223880597	0.011194029850746268	0.5186567164179104	0.13059701492537312	0.011194029850746268	0.0037313432835820895	0.0037313432835820895	0.12313432835820895	0.018656716417910446
45	file:/media/sf_vm-shared/project4/./data/nsf/career-theoretical-studies-of-bond-breaking-diradicals-and-nondynamical.txt	0.235	0.015	0.015	0.225	0.015	0.105	0.225	0.005	0.135	0.025
46	file:/media/sf_vm-shared/project4/./data/nsf/oig-0135954-audit-of-nsf-awards-to-madison-area-technical-college-to-be.txt	0.07142857142857142	0.07142857142857142	0.07142857142857142	0.07142857142857142	0.07142857142857142	0.21428571428571427	0.07142857142857142	0.07142857142857142	0.21428571428571427	0.07142857142857142
47	file:/media/sf_vm-shared/project4/./data/nsf/career-algebraic-geometry-of-moduli-spaces.txt	0.09745762711864407	0.012711864406779662	0.05508474576271186	0.00423728813559322	0.0211864406779661	0.012711864406779662	0.7415254237288136	0.00423728813559322	0.038135593220338986	0.012711864406779662
48	file:/media/sf_vm-shared/project4/./data/nsf/transient-authentication-for-mobile-devices.txt	0.01282051282051282	0.01282051282051282	0.01282051282051282	0.01282051282051282	0.12393162393162394	0.004273504273504274	0.0641025641025641	0.004273504273504274	0.6794871794871795	0.07264957264957266
49	file:/media/sf_vm-shared/project4/./data/nsf/us-hungary-materials-theory-research-on-strongly-correlated-and-mesoscopic.txt	0.056291390728476824	0.27483443708609273	0.009933774834437087	0.16887417218543047	0.0033112582781456954	0.22847682119205298	0.20198675496688742	0.0033112582781456954	0.0033112582781456954	0.04966887417218543
50	file:/media/sf_vm-shared/project4/./data/nsf/balancing-cost-with-benefits-of-health-care-technologies-in-the-new-millennium.txt	0.5642201834862385	0.0045871559633027525	0.013761467889908258	0.0045871559633027525	0.3073394495412844	0.05963302752293578	0.013761467889908258	0.0045871559633027525	0.022935779816513763	0.0045871559633027525
51	file:/media/sf_vm-shared/project4/./data/nsf/scholarship-and-travel-grants-for-the-grace-hopper-celebration-of-women-in.txt	0.6550387596899225	0.01937984496124031	0.003875968992248062	0.01937984496124031	0.1124031007751938	0.08139534883720931	0.011627906976744186	0.027131782945736434	0.011627906976744186	0.05813953488372093
52	file:/media/sf_vm-shared/project4/./data/nsf/high-resolution-time-series-of-california-climate-over-the-last-12000-years.txt	0.005555555555555556	0.03518518518518519	0.7166666666666667	0.005555555555555556	0.001851851851851852	0.012962962962962963	0.024074074074074074	0.005555555555555556	0.005555555555555556	0.18703703703703703
53	file:/media/sf_vm-shared/project4/./data/nsf/sbir-phase-i-saving-post-chemical-mechanical-planarizingpolishing-cmp-wafers.txt	0.0049504950495049506	0.0049504950495049506	0.024752475247524754	0.6683168316831684	0.0049504950495049506	0.01485148514851485	0.0049504950495049506	0.0049504950495049506	0.2524752475247525	0.01485148514851485
54	file:/media/sf_vm-shared/project4/./data/nsf/turbo-multiuser-detection-analysis-optimization-and-applications.txt	0.0031847133757961785	0.06050955414012739	0.01592356687898089	0.06687898089171974	0.041401273885350316	0.04777070063694268	0.11146496815286625	0.022292993630573247	0.5127388535031847	0.1178343949044586
55	file:/media/sf_vm-shared/project4/./data/nsf/rui-oxygen-isotope-thermometry-and-hygrometry-in-quartzites.txt	0.009765625	0.232421875	0.525390625	0.056640625	0.001953125	0.005859375	0.064453125	0.005859375	0.005859375	0.091796875
56	file:/media/sf_vm-shared/project4/./data/nsf/toward-quantum-computing-with-molecular-magnets-studies-of-spin-dynamics-in-a.txt	0.14772727272727273	0.4734848484848485	0.003787878787878788	0.07196969696969698	0.003787878787878788	0.003787878787878788	0.07196969696969698	0.0946969696969697	0.10227272727272728	0.026515151515151516
57	file:/media/sf_vm-shared/project4/./data/nsf/oxygen-and-hydrogen-fugacity-of-the-purico-ignimbrite-magmas-northern-chile.txt	0.0029239766081871343	0.07894736842105263	0.5058479532163743	0.18421052631578946	0.008771929824561403	0.014619883040935672	0.0029239766081871343	0.008771929824561403	0.0029239766081871343	0.19005847953216373
58	file:/media/sf_vm-shared/project4/./data/nsf/workshop-on-shallow-tropical-subtropical-overturning-cells-stcand-their.txt	0.30246913580246915	0.19135802469135801	0.21604938271604937	0.006172839506172839	0.006172839506172839	0.10493827160493827	0.006172839506172839	0.05555555555555555	0.10493827160493827	0.006172839506172839
59	file:/media/sf_vm-shared/project4/./data/nsf/arithmetic-geometric-and-ergodic-aspects-of-the-theory-of-lie-groups-and-their.txt	0.0056179775280898875	0.028089887640449437	0.03932584269662921	0.0056179775280898875	0.0056179775280898875	0.0056179775280898875	0.8258426966292135	0.0056179775280898875	0.0056179775280898875	0.07303370786516854
60	file:/media/sf_vm-shared/project4/./data/nsf/collaborative-research-a-sea-test-of-the-prod-seafloor-drill.txt	0.04824561403508772	0.0043859649122807015	0.2850877192982456	0.08333333333333333	0.0043859649122807015	0.4605263157894737	0.0043859649122807015	0.0043859649122807015	0.039473684210526314	0.06578947368421052
61	file:/media/sf_vm-shared/project4/./data/nsf/upgrading-of-geophysics-communal-computer-laboratory.txt	0.10431654676258993	0.046762589928057555	0.0539568345323741	0.0035971223021582736	0.01079136690647482	0.5	0.0035971223021582736	0.0035971223021582736	0.24820143884892087	0.025179856115107913
62	file:/media/sf_vm-shared/project4/./data/nsf/begen-en-genome-sequence-and-functional-analysis-of-an-uncultured-bacterium.txt	0.16467065868263472	0.0029940119760479044	0.03293413173652695	0.02694610778443114	0.020958083832335328	0.02694610778443114	0.0029940119760479044	0.4281437125748503	0.0688622754491018	0.2245508982035928
63	file:/media/sf_vm-shared/project4/./data/nsf/collaborative-research-the-influence-of-snow-cover-on-northern-hemisphere.txt	0.036231884057971016	0.07971014492753623	0.5434782608695652	0.007246376811594203	0.12318840579710146	0.007246376811594203	0.007246376811594203	0.007246376811594203	0.036231884057971016	0.15217391304347827
64	file:/media/sf_vm-shared/project4/./data/nsf/collaborative-research-spatial-and-temporal-variability-of-ground-temperature.txt	0.02112676056338028	0.21830985915492956	0.5563380281690141	0.007042253521126761	0.04929577464788732	0.06338028169014084	0.007042253521126761	0.007042253521126761	0.06338028169014084	0.007042253521126761
65	file:/media/sf_vm-shared/project4/./data/nsf/statistical-analysis-for-binary-traits.txt	0.0017006802721088435	0.08673469387755102	0.00510204081632653	0.0017006802721088435	0.04931972789115646	0.03231292517006803	0.12414965986394558	0.4812925170068027	0.10714285714285714	0.11054421768707483
66	file:/media/sf_vm-shared/project4/./data/nsf/career-structure-and-dynamics-of-negative-ions-via-photoelectron-imaging.txt	0.14661654135338345	0.16165413533834586	0.0037593984962406013	0.39473684210526316	0.03383458646616541	0.018796992481203006	0.03383458646616541	0.011278195488721804	0.12406015037593984	0.07142857142857142
67	file:/media/sf_vm-shared/project4/./data/nsf/sger-american-identity-under-siege-re-categorization-at-ground-zero.txt	0.033582089552238806	0.011194029850746268	0.041044776119402986	0.0037313432835820895	0.585820895522388	0.041044776119402986	0.018656716417910446	0.0037313432835820895	0.11567164179104478	0.1455223880597015
68	file:/media/sf_vm-shared/project4/./data/nsf/collaborative-research-a-two-body-towing-system-for-swath-mapping-ocean.txt	0.030555555555555555	0.3194444444444444	0.175	0.041666666666666664	0.025	0.06388888888888888	0.008333333333333333	0.002777777777777778	0.28055555555555556	0.05277777777777778
69	file:/media/sf_vm-shared/project4/./data/nsf/us-spain-cooperative-research-optical-studies-of-carbon-nanotubes-under-high.txt	0.005376344086021506	0.34946236559139787	0.005376344086021506	0.3387096774193548	0.05913978494623656	0.1774193548387097	0.005376344086021506	0.016129032258064516	0.005376344086021506	0.03763440860215054
70	file:/media/sf_vm-shared/project4/./data/nsf/sger-biodiversity-of-native-mexican-trout-genus-oncorhynchus-spp-and-the.txt	0.002183406113537118	0.006550218340611353	0.0982532751091703	0.010917030567685589	0.11135371179039301	0.06331877729257641	0.002183406113537118	0.40829694323144106	0.010917030567685589	0.28602620087336245
71	file:/media/sf_vm-shared/project4/./data/nsf/solar-system-laboratory-aeronomy-by-electron-impact-with-emphasis-on-terrestrial.txt	0.0078125	0.3671875	0.1484375	0.1640625	0.0234375	0.0234375	0.0390625	0.0078125	0.1328125	0.0859375
72	file:/media/sf_vm-shared/project4/./data/nsf/looking-inside-the-black-box-classroom-practice-that-supports-high-achievement.txt	0.5093457943925234	0.02336448598130841	0.03271028037383177	0.004672897196261682	0.19158878504672897	0.004672897196261682	0.03271028037383177	0.004672897196261682	0.06074766355140187	0.13551401869158877
73	file:/media/sf_vm-shared/project4/./data/nsf/the-j-p-harrington-database-project-the-california-materials.txt	0.14705882352941177	0.0032679738562091504	0.0032679738562091504	0.00980392156862745	0.4738562091503268	0.15359477124183007	0.0032679738562091504	0.0032679738562091504	0.03594771241830065	0.16666666666666666
74	file:/media/sf_vm-shared/project4/./data/nsf/career-the-impact-of-resource-scheduling-on-improving-server-performance.txt	0.016304347826086956	0.005434782608695652	0.005434782608695652	0.005434782608695652	0.10326086956521739	0.059782608695652176	0.14673913043478262	0.005434782608695652	0.6141304347826086	0.03804347826086957
75	file:/media/sf_vm-shared/project4/./data/nsf/protein-crystals-new-templates-for-the-construction-of-nanostructured-solids.txt	0.10632183908045977	0.0028735632183908046	0.02586206896551724	0.6522988505747126	0.0028735632183908046	0.07758620689655173	0.014367816091954023	0.06609195402298851	0.0028735632183908046	0.04885057471264368
76	file:/media/sf_vm-shared/project4/./data/nsf/geometric-singular-perturbations-with-turning-points-and-synchronization-of.txt	0.0037593984962406013	0.12406015037593984	0.0037593984962406013	0.02631578947368421	0.018796992481203006	0.011278195488721804	0.5676691729323309	0.03383458646616541	0.16165413533834586	0.04887218045112782
77	file:/media/sf_vm-shared/project4/./data/nsf/wave-turbulence-in-atmospheric-and-oceanic-flows.txt	0.013059701492537313	0.628731343283582	0.09888059701492537	0.024253731343283583	0.0018656716417910447	0.024253731343283583	0.11380597014925373	0.0018656716417910447	0.013059701492537313	0.08022388059701492
78	file:/media/sf_vm-shared/project4/./data/nsf/on-the-kaehler-ricci-flow-and-related-problems.txt	0.009615384615384616	0.041666666666666664	0.041666666666666664	0.041666666666666664	0.003205128205128205	0.009615384615384616	0.7980769230769231	0.016025641025641024	0.003205128205128205	0.035256410256410256
79	file:/media/sf_vm-shared/project4/./data/nsf/postdoctoral-research-fellowship-in-microbial-biology-for-fy-2000.txt	0.03289473684210526	0.006578947368421052	0.006578947368421052	0.019736842105263157	0.03289473684210526	0.13815789473684212	0.03289473684210526	0.6776315789473685	0.006578947368421052	0.046052631578947366
80	file:/media/sf_vm-shared/project4/./data/nsf/sger-piezoelectric-cantilevers-for-nanoscale-biosensing.txt	0.03125	0.03125	0.004464285714285714	0.42410714285714285	0.06696428571428571	0.04017857142857143	0.11160714285714286	0.06696428571428571	0.21875	0.004464285714285714
81	file:/media/sf_vm-shared/project4/./data/nsf/parties-and-societies-social-clevages-and-voting-behavior-in-compatative.txt	0.03237410071942446	0.0683453237410072	0.0035971223021582736	0.01079136690647482	0.6294964028776978	0.017985611510791366	0.0683453237410072	0.01079136690647482	0.025179856115107913	0.13309352517985612
82	file:/media/sf_vm-shared/project4/./data/nsf/engaging-preservice-science-teachers-in-engineering.txt	0.789308176100629	0.0031446540880503146	0.03459119496855346	0.0031446540880503146	0.009433962264150943	0.03459119496855346	0.07232704402515723	0.009433962264150943	0.040880503144654086	0.0031446540880503146
83	file:/media/sf_vm-shared/project4/./data/nsf/mathematics-mini-courses-for-students-at-the-sacnas-conference.txt	0.48130841121495327	0.004672897196261682	0.004672897196261682	0.004672897196261682	0.06074766355140187	0.04205607476635514	0.2383177570093458	0.02336448598130841	0.014018691588785047	0.1261682242990654
84	file:/media/sf_vm-shared/project4/./data/nsf/transient-intermediates-of-chemical-reactions.txt	0.04185022026431718	0.10352422907488987	0.046255506607929514	0.513215859030837	0.0022026431718061676	0.019823788546255508	0.06387665198237885	0.08590308370044053	0.0022026431718061676	0.1211453744493392
85	file:/media/sf_vm-shared/project4/./data/nsf/supporting-and-understanding-sustainability-in-local-systemic-change.txt	0.5086206896551724	0.008620689655172414	0.008620689655172414	0.02586206896551724	0.008620689655172414	0.23275862068965517	0.04310344827586207	0.008620689655172414	0.14655172413793102	0.008620689655172414
86	file:/media/sf_vm-shared/project4/./data/nsf/itr-international-research-on-permanent-authentic-records-in-electronic-systems.txt	0.0625	0.0625	0.08035714285714286	0.008928571428571428	0.13392857142857142	0.16964285714285715	0.08035714285714286	0.008928571428571428	0.3125	0.08035714285714286
87	file:/media/sf_vm-shared/project4/./data/nsf/teraflop-computing-for-the-study-of-turbulence.txt	0.06428571428571428	0.2642857142857143	0.09285714285714286	0.03571428571428571	0.007142857142857143	0.007142857142857143	0.2357142857142857	0.007142857142857143	0.06428571428571428	0.22142857142857142
88	file:/media/sf_vm-shared/project4/./data/nsf/collaborative-research-in-operator-theory-on-holomorphic-function-spaces.txt	0.09116022099447514	0.06353591160220995	0.0027624309392265192	0.07458563535911603	0.019337016574585635	0.019337016574585635	0.6767955801104972	0.0027624309392265192	0.008287292817679558	0.04143646408839779
89	file:/media/sf_vm-shared/project4/./data/nsf/mri-acquisition-of-a-transmission-electron-microscope-and-digital-imaging.txt	0.08333333333333333	0.024853801169590642	0.0014619883040935672	0.06578947368421052	0.0014619883040935672	0.1739766081871345	0.013157894736842105	0.5745614035087719	0.0043859649122807015	0.05701754385964912
90	file:/media/sf_vm-shared/project4/./data/nsf/career-studies-of-collective-motion-in-complex-liquids-heterogeneity-disorder.txt	0.257847533632287	0.21300448430493274	0.011210762331838564	0.10986547085201794	0.006726457399103139	0.006726457399103139	0.23542600896860988	0.002242152466367713	0.033632286995515695	0.12331838565022421
91	file:/media/sf_vm-shared/project4/./data/nsf/optimal-harvesting-of-timber-valuing-timberland-with-stochastically-evolving.txt	0.0020920502092050207	0.014644351464435146	0.0397489539748954	0.0020920502092050207	0.5209205020920502	0.01882845188284519	0.12761506276150628	0.0020920502092050207	0.13598326359832635	0.13598326359832635
92	file:/media/sf_vm-shared/project4/./data/nsf/southwest-regional-workshop-on-new-directions-in-dynamical-systems.txt	0.36554621848739494	0.012605042016806723	0.09663865546218488	0.004201680672268907	0.012605042016806723	0.029411764705882353	0.25630252100840334	0.012605042016806723	0.08823529411764706	0.12184873949579832
93	file:/media/sf_vm-shared/project4/./data/nsf/rui-collaborative-research-ion-and-radical-beam-tailored-oxide-nitride-and.txt	0.16506410256410256	0.21955128205128205	0.011217948717948718	0.4310897435897436	0.02403846153846154	0.04326923076923077	0.017628205128205128	0.008012820512820512	0.07211538461538461	0.008012820512820512
94	file:/media/sf_vm-shared/project4/./data/nsf/particle-transport-deposition-and-removal-combined-research-and-curriculum.txt	0.23770491803278687	0.28688524590163933	0.040983606557377046	0.09016393442622951	0.00819672131147541	0.10655737704918032	0.12295081967213115	0.09016393442622951	0.00819672131147541	0.00819672131147541
95	file:/media/sf_vm-shared/project4/./data/nsf/us-ghana-planning-visit-the-effects-of-residential-and-school-crowding-on.txt	0.3017241379310345	0.008620689655172414	0.02586206896551724	0.008620689655172414	0.23275862068965517	0.2672413793103448	0.04310344827586207	0.02586206896551724	0.0603448275862069	0.02586206896551724
96	file:/media/sf_vm-shared/project4/./data/nsf/conference-on-environmental-and-physiological-integration-of-long-distance.txt	0.20072992700729927	0.04744525547445255	0.040145985401459854	0.0036496350364963502	0.08394160583941605	0.14233576642335766	0.0036496350364963502	0.3029197080291971	0.0036496350364963502	0.17153284671532848
97	file:/media/sf_vm-shared/project4/./data/nsf/collaborative-research-patagonia-lake-drilling-project-pato-phase-ii.txt	0.011627906976744186	0.003875968992248062	0.6007751937984496	0.003875968992248062	0.003875968992248062	0.06589147286821706	0.04263565891472868	0.027131782945736434	0.08914728682170543	0.1511627906976744
98	file:/media/sf_vm-shared/project4/./data/nsf/solid-state-nmr-for-plant-structural-biology.txt	0.055873925501432664	0.0014326647564469914	0.06446991404011461	0.1991404011461318	0.0071633237822349575	0.04727793696275072	0.06446991404011461	0.4283667621776504	0.0673352435530086	0.06446991404011461
99	file:/media/sf_vm-shared/project4/./data/nsf/us-brazil-dissertation-enhancement-research-phylogeography-of-proceratophrys.txt	0.01485148514851485	0.01485148514851485	0.09405940594059406	0.0049504950495049506	0.14356435643564355	0.08415841584158416	0.01485148514851485	0.29207920792079206	0.0049504950495049506	0.3316831683168317
100	file:/media/sf_vm-shared/project4/./data/nsf/the-engineeringeducation-partnership-scholars-program.txt	0.7290076335877863	0.011450381679389313	0.003816793893129771	0.003816793893129771	0.04198473282442748	0.03435114503816794	0.011450381679389313	0.003816793893129771	0.07251908396946564	0.08778625954198473
101	file:/media/sf_vm-shared/project4/./data/nsf/hepap-subpanel-brochure.txt	0.39473684210526316	0.008771929824561403	0.008771929824561403	0.02631578947368421	0.14912280701754385	0.20175438596491227	0.043859649122807015	0.02631578947368421	0.043859649122807015	0.09649122807017543
102	file:/media/sf_vm-shared/project4/./data/nsf/how-vessel-structure-and-transmural-pressure-affect-interfacial-transport-in.txt	0.00946969696969697	0.4564393939393939	0.14583333333333334	0.03598484848484849	0.028409090909090908	0.0625	0.005681818181818182	0.0928030303030303	0.001893939393939394	0.16098484848484848
103	file:/media/sf_vm-shared/project4/./data/nsf/coherent-nanotechnology-quantum-devices-for-information-processing.txt	0.15608465608465608	0.20899470899470898	0.0026455026455026454	0.21957671957671956	0.03968253968253968	0.03439153439153439	0.05555555555555555	0.0026455026455026454	0.24603174603174602	0.03439153439153439
104	file:/media/sf_vm-shared/project4/./data/nsf/dissertation-research-landscape-ecology-of-snowshoe-hares.txt	0.030434782608695653	0.06521739130434782	0.29130434782608694	0.013043478260869565	0.1956521739130435	0.0391304347826087	0.013043478260869565	0.004347826086956522	0.021739130434782608	0.32608695652173914
105	file:/media/sf_vm-shared/project4/./data/nsf/network-processors-architecture-and-design.txt	0.02100840336134454	0.037815126050420166	0.012605042016806723	0.004201680672268907	0.02100840336134454	0.004201680672268907	0.1722689075630252	0.012605042016806723	0.6932773109243697	0.02100840336134454
106	file:/media/sf_vm-shared/project4/./data/nsf/doctoral-dissertation-research-social-mobilization-and-change-in-conservation.txt	0.05102040816326531	0.11224489795918367	0.030612244897959183	0.030612244897959183	0.45918367346938777	0.01020408163265306	0.030612244897959183	0.01020408163265306	0.15306122448979592	0.11224489795918367
107	file:/media/sf_vm-shared/project4/./data/nsf/gk-12-program-in-mathematics-at-the-university-of-washington.txt	0.7991803278688525	0.004098360655737705	0.004098360655737705	0.004098360655737705	0.004098360655737705	0.045081967213114756	0.004098360655737705	0.012295081967213115	0.020491803278688523	0.10245901639344263
108	file:/media/sf_vm-shared/project4/./data/nsf/genetics-of-sperm-migration-and-gamete-recognition-in-caenorhabditis-elegans.txt	0.013089005235602094	0.06544502617801047	0.002617801047120419	0.034031413612565446	0.034031413612565446	0.013089005235602094	0.007853403141361256	0.6308900523560209	0.028795811518324606	0.17015706806282724
109	file:/media/sf_vm-shared/project4/./data/nsf/sulawesi-as-the-crossroads-of-the-southeast-asian-rodent-radiations.txt	0.0367965367965368	0.01948051948051948	0.023809523809523808	0.006493506493506494	0.04112554112554113	0.006493506493506494	0.006493506493506494	0.07575757575757576	0.010822510822510822	0.7727272727272727
110	file:/media/sf_vm-shared/project4/./data/nsf/rna-polymerase-ii-ctd-binding-proteins-in-yeast.txt	0.01804123711340206	0.01804123711340206	0.01804123711340206	0.023195876288659795	0.002577319587628866	0.002577319587628866	0.007731958762886598	0.8737113402061856	0.007731958762886598	0.028350515463917526
111	file:/media/sf_vm-shared/project4/./data/nsf/optics-education-a-blueprint-for-the-21st-century-a-planning-grant.txt	0.6479591836734694	0.00510204081632653	0.00510204081632653	0.09693877551020408	0.18877551020408162	0.00510204081632653	0.00510204081632653	0.00510204081632653	0.00510204081632653	0.03571428571428571
112	file:/media/sf_vm-shared/project4/./data/nsf/individual-particle-investigations-of-east-asian-aerosols-during-aerosol.txt	0.030612244897959183	0.1326530612244898	0.09183673469387756	0.29591836734693877	0.01020408163265306	0.29591836734693877	0.01020408163265306	0.01020408163265306	0.030612244897959183	0.09183673469387756
113	file:/media/sf_vm-shared/project4/./data/nsf/the-albert-einstein-distinguished-educator-fellowship-program.txt	0.47815533980582525	0.0024271844660194173	0.0024271844660194173	0.007281553398058253	0.17718446601941748	0.16747572815533981	0.09466019417475728	0.0024271844660194173	0.0412621359223301	0.02669902912621359
114	file:/media/sf_vm-shared/project4/./data/nsf/reductive-mechanisms-in-manganese-catalyzed-fenton-like-reactions-pollution.txt	0.021739130434782608	0.07391304347826087	0.1956521739130435	0.1782608695652174	0.030434782608695653	0.004347826086956522	0.004347826086956522	0.30869565217391304	0.1608695652173913	0.021739130434782608
115	file:/media/sf_vm-shared/project4/./data/nsf/thermodynamics-and-kinetics-of-structural-transformations-in-metal-and-ceramic.txt	0.0959079283887468	0.31841432225063937	0.011508951406649617	0.25191815856777494	0.011508951406649617	0.00639386189258312	0.11636828644501279	0.0012787723785166241	0.149616368286445	0.0370843989769821
116	file:/media/sf_vm-shared/project4/./data/nsf/acquisition-of-controlled-strain-rheometers.txt	0.07543859649122807	0.3526315789473684	0.005263157894736842	0.2964912280701754	0.0017543859649122807	0.0824561403508772	0.08596491228070176	0.05087719298245614	0.015789473684210527	0.03333333333333333
117	file:/media/sf_vm-shared/project4/./data/nsf/detailed-chemical-kinetic-modeling-of-the-homogeneous-chemical-nucleation-of.txt	0.003816793893129771	0.13358778625954199	0.04961832061068702	0.33969465648854963	0.003816793893129771	0.13358778625954199	0.08015267175572519	0.003816793893129771	0.24045801526717558	0.011450381679389313
118	file:/media/sf_vm-shared/project4/./data/nsf/the-genetic-basis-of-adaptive-differentiation-in-two-species-of-mimulus.txt	0.026119402985074626	0.10820895522388059	0.16044776119402984	0.0037313432835820895	0.011194029850746268	0.055970149253731345	0.018656716417910446	0.45149253731343286	0.033582089552238806	0.13059701492537312
119	file:/media/sf_vm-shared/project4/./data/nsf/variational-analysis-theory-and-applications.txt	0.025280898876404494	0.0028089887640449437	0.0028089887640449437	0.0028089887640449437	0.025280898876404494	0.0028089887640449437	0.7162921348314607	0.008426966292134831	0.17134831460674158	0.042134831460674156
120	file:/media/sf_vm-shared/project4/./data/nsf/diffusions-superdiffusions-and-partial-differential-equations.txt	0.042682926829268296	0.07926829268292683	0.03048780487804878	0.018292682926829267	0.018292682926829267	0.006097560975609756	0.5548780487804879	0.09146341463414634	0.03048780487804878	0.12804878048780488
121	file:/media/sf_vm-shared/project4/./data/nsf/federal-statistics-fellowship-program.txt	0.2872340425531915	0.04609929078014184	0.0035460992907801418	0.01773049645390071	0.1595744680851064	0.3723404255319149	0.08156028368794327	0.0035460992907801418	0.01773049645390071	0.010638297872340425
122	file:/media/sf_vm-shared/project4/./data/nsf/sulfate-attack-of-concrete-transport-kinetics-and-damage-mechanisms-examined-in.txt	0.006944444444444444	0.1597222222222222	0.006944444444444444	0.5069444444444444	0.034722222222222224	0.0625	0.020833333333333332	0.006944444444444444	0.0763888888888889	0.11805555555555555
123	file:/media/sf_vm-shared/project4/./data/nsf/nsf-conacyt-sulfide-as-the-main-electron-donor-for-denitrification-of-petroleum.txt	0.14215686274509803	0.004901960784313725	0.15196078431372548	0.31862745098039214	0.004901960784313725	0.07352941176470588	0.014705882352941176	0.19117647058823528	0.05392156862745098	0.04411764705882353
124	file:/media/sf_vm-shared/project4/./data/nsf/incorporation-of-computer-modernized-cary-14-uvvis-spectrophotometer-in-the.txt	0.4485294117647059	0.031862745098039214	0.0024509803921568627	0.1053921568627451	0.07107843137254902	0.18872549019607843	0.007352941176470588	0.01715686274509804	0.0024509803921568627	0.125
125	file:/media/sf_vm-shared/project4/./data/nsf/collaborative-research-role-of-glia-during-postembryonic-formation-of-the-cns.txt	0.002242152466367713	0.01569506726457399	0.01569506726457399	0.02466367713004484	0.002242152466367713	0.03811659192825112	0.02914798206278027	0.7107623318385651	0.002242152466367713	0.1591928251121076
126	file:/media/sf_vm-shared/project4/./data/nsf/research-experience-for-teachers-site-in-mechatronics.txt	0.8617021276595744	0.010638297872340425	0.031914893617021274	0.010638297872340425	0.010638297872340425	0.031914893617021274	0.010638297872340425	0.010638297872340425	0.010638297872340425	0.010638297872340425
